---
remote_config:
    updated_at: 2024-11-25T10:41:56.095144Z
    last_notification_at: 2024-11-25T10:41:56.096999Z
    last_ticker_at: 2024-11-25T10:41:56.09682Z
    last_ticker_message: 53
